pbbs_sequencePoint3d
-1.45332527161e+00 3.68978538513e+01 8.45744431019e-01
1.34537875652e+00 2.27221679688e+00 9.20937538147e+00
7.66335058212e+00 3.26451187134e+01 8.45744431019e-01
-2.04162931442e+00 3.52038192749e+00 9.20937538147e+00
8.50869941711e+00 2.23473510742e+01 8.45744431019e-01
-2.52301216125e-01 1.82365226746e+00 9.20937538147e+00
-8.89247715473e-01 3.40206794739e+01 8.45744431019e-01
8.06994628906e+00 -1.36185398102e+01 9.20937538147e+00
6.21192979813e+00 3.24601936340e+01 8.45744431019e-01
-4.69531345367e+00 5.83308792114e+00 9.20937538147e+00
1.26413428783e+00 2.69768009186e+01 8.45744431019e-01
-2.97445678711e+00 2.43076515198e+00 9.20937538147e+00
1.41458261013e+00 2.65378894806e+01 8.45744431019e-01
6.74885702133e+00 -6.62557411194e+00 9.20937538147e+00
-3.46938610077e-01 3.57748222351e+01 8.45744431019e-01
7.41482686996e+00 1.43202209473e+00 9.20937538147e+00
4.15795230865e+00 3.20124855042e+01 8.45744431019e-01
-6.37252902985e+00 -3.31918144226e+00 9.20937538147e+00
-2.42896723747e+00 3.58254127502e+01 8.45744431019e-01
6.70172309875e+00 3.12123107910e+00 9.20937538147e+00
-3.24869585037e+00 1.94341182709e+01 8.45744431019e-01
1.63687384129e+00 1.78045787811e+01 9.20937538147e+00
6.27917766571e-01 2.88259582520e+01 8.45744431019e-01
1.99484276772e+00 -4.63760948181e+00 9.20937538147e+00
4.07869338989e+00 3.58096580505e+01 8.45744431019e-01
-8.07312870026e+00 -1.30286464691e+01 9.20937538147e+00
-1.68900859356e+00 2.64884605408e+01 8.45744431019e-01
5.37872028351e+00 1.08553161621e+01 9.20937538147e+00
5.15835571289e+00 3.59328079224e+01 8.45744431019e-01
-9.13987064362e+00 -4.25273895264e+00 9.20937538147e+00
1.57917928696e+00 3.65327072144e+01 8.45744431019e-01
6.76642942429e+00 -1.31215686798e+01 9.20937538147e+00
7.20998668671e+00 3.67883338928e+01 8.45744431019e-01
-1.81432723999e+00 -1.43255558014e+01 9.20937538147e+00
-5.44721186161e-01 3.09102478027e+01 8.45744431019e-01
3.20790219307e+00 5.95510482788e-01 9.20937538147e+00
5.83006143570e+00 2.29458217621e+01 8.45744431019e-01
6.69629573822e-01 -3.69705200195e+00 9.20937538147e+00
7.21602320671e-01 3.81254577637e+01 8.45744431019e-01
4.52440834045e+00 -1.13651905060e+01 9.20937538147e+00
-3.70114850998e+00 3.74503097534e+01 8.45744431019e-01
-9.51617240906e-01 -5.78954315186e+00 9.20937538147e+00
5.48779106140e+00 2.38247013092e+01 8.45744431019e-01
-5.59832859039e+00 1.35083675385e+01 9.20937538147e+00
1.25478208065e+00 2.17139225006e+01 8.45744431019e-01
-2.47883152962e+00 1.37677745819e+01 9.20937538147e+00
-1.35940587521e+00 2.93809928894e+01 8.45744431019e-01
5.73585748672e+00 -1.05032329559e+01 9.20937538147e+00
3.35973763466e+00 1.77989063263e+01 8.45744431019e-01
4.44489574432e+00 4.27389144897e+00 9.20937538147e+00
6.65764808655e+00 3.17391490936e+01 8.45744431019e-01
-8.04782485962e+00 -2.11819267273e+00 9.20937538147e+00
6.25629615784e+00 2.69474735260e+01 8.45744431019e-01
-5.00578594208e+00 -3.36168479919e+00 9.20937538147e+00
4.11601543427e+00 2.44296035767e+01 8.45744431019e-01
2.78020858765e-01 1.23160972595e+01 9.20937538147e+00
4.48273515701e+00 2.76714553833e+01 8.45744431019e-01
-6.92654609680e-01 8.95304489136e+00 9.20937538147e+00
-2.46443971992e-01 2.29296321869e+01 8.45744431019e-01
-1.09376239777e+00 1.17932415009e+01 9.20937538147e+00
6.79772615433e+00 2.80256938934e+01 8.45744431019e-01
-2.37980222702e+00 1.08456993103e+00 9.20937538147e+00
4.35281419754e+00 3.87628822327e+01 8.45744431019e-01
-7.00878620148e+00 -1.54714183807e+01 9.20937538147e+00
-4.42439508438e+00 1.98739261627e+01 8.45744431019e-01
3.22001123428e+00 1.00424842834e+01 9.20937538147e+00
-2.36963224411e+00 2.60650272369e+01 8.45744431019e-01
5.62275314331e+00 6.75943374634e-01 9.20937538147e+00
-8.29753875732e-01 1.89603881836e+01 8.45744431019e-01
-2.26591110229e+00 1.27093486786e+01 9.20937538147e+00
8.34137058258e+00 2.98580741882e+01 8.45744431019e-01
-7.03855705261e+00 -3.56064033508e+00 9.20937538147e+00
6.80199146271e+00 2.94651222229e+01 8.45744431019e-01
-8.26279067993e+00 -2.90993881226e+00 9.20937538147e+00
7.56713628769e+00 2.92458419800e+01 8.45744431019e-01
-3.82082796097e+00 1.70483779907e+00 9.20937538147e+00
6.40627288818e+00 2.54901390076e+01 8.45744431019e-01
-8.05559444427e+00 -5.83087921143e+00 9.20937538147e+00
-2.17709803581e+00 1.78742809296e+01 8.45744431019e-01
1.18473005295e+00 2.08082675934e+01 9.20937538147e+00
-3.86246871948e+00 2.76750965118e+01 8.45744431019e-01
4.21473217010e+00 -8.51967048645e+00 9.20937538147e+00
6.93496799469e+00 1.77163333893e+01 8.45744431019e-01
-8.70335006714e+00 2.07626094818e+01 9.20937538147e+00
5.71149349213e+00 3.09451351166e+01 8.45744431019e-01
-6.43238449097e+00 5.57377052307e+00 9.20937538147e+00
2.39768576622e+00 2.85644378662e+01 8.45744431019e-01
8.09498310089e-01 6.91464614868e+00 9.20937538147e+00
-8.99103581905e-01 3.33852081299e+01 8.45744431019e-01
2.01069140434e+00 -1.55000514984e+01 9.20937538147e+00
3.60052704811e+00 2.05949554443e+01 8.45744431019e-01
-6.68637275696e+00 2.82866668701e+00 9.20937538147e+00
8.21008968353e+00 2.95220584869e+01 8.45744431019e-01
-6.39944505692e+00 -9.92648124695e+00 9.20937538147e+00
2.72278642654e+00 2.47491741180e+01 8.45744431019e-01
2.33440732956e+00 1.53581237793e+00 9.20937538147e+00
1.73757541180e+00 2.40305843353e+01 8.45744431019e-01
-5.45831489563e+00 -6.46440505981e+00 9.20937538147e+00
-1.44825518131e+00 3.65128746033e+01 8.45744431019e-01
2.39689421654e+00 1.28225708008e+00 9.20937538147e+00
2.00054001808e+00 2.24069671631e+01 8.45744431019e-01
-1.87049341202e+00 2.61659622192e+00 9.20937538147e+00
-1.15903127193e+00 2.24761085510e+01 8.45744431019e-01
-7.43730306625e-01 -4.57489204407e+00 9.20937538147e+00
6.58162057400e-01 2.36905269623e+01 8.45744431019e-01
-3.24221777916e+00 8.08067321777e+00 9.20937538147e+00
-4.57980203629e+00 3.38288536072e+01 8.45744431019e-01
1.29402885437e+01 -1.45512523651e+01 9.20937538147e+00
6.29261541367e+00 3.43198699951e+01 8.45744431019e-01
-9.58284759521e+00 -8.94028091431e+00 9.20937538147e+00
1.81216865778e-01 2.49470939636e+01 8.45744431019e-01
2.05268287659e+00 5.53592491150e+00 9.20937538147e+00
3.73240375519e+00 2.21542415619e+01 8.45744431019e-01
-3.17843556404e+00 3.75990486145e+00 9.20937538147e+00
-3.42680573463e+00 1.75035839081e+01 8.45744431019e-01
7.99877929688e+00 1.09247303009e+01 9.20937538147e+00
8.50384235382e+00 3.68761100769e+01 8.45744431019e-01
-9.99764347076e+00 -1.46968460083e+00 9.20937538147e+00
-2.67133235931e+00 2.47152366638e+01 8.45744431019e-01
9.95739746094e+00 -4.24405288696e+00 9.20937538147e+00
3.51086330414e+00 2.29879245758e+01 8.45744431019e-01
3.29921627045e+00 4.06387901306e+00 9.20937538147e+00
5.95222091675e+00 2.11085433960e+01 8.45744431019e-01
-1.03873291016e+01 7.98433303833e+00 9.20937538147e+00
-3.37589716911e+00 2.71050262451e+01 8.45744431019e-01
3.51270246506e+00 4.56117248535e+00 9.20937538147e+00
4.38455486298e+00 1.73553771973e+01 8.45744431019e-01
-4.43215370178e+00 4.17837142944e+00 9.20937538147e+00
1.67290258408e+00 3.23182945251e+01 8.45744431019e-01
2.96630382538e+00 6.10540390015e+00 9.20937538147e+00
-2.26618885994e+00 2.86845111847e+01 8.45744431019e-01
1.05691261292e+01 3.80911827087e+00 9.20937538147e+00
-9.95853960514e-01 3.56795310974e+01 8.45744431019e-01
8.24883270264e+00 -1.22092971802e+01 9.20937538147e+00
-2.24640870094e+00 2.10626220703e+01 8.45744431019e-01
-3.10973882675e-01 1.75693283081e+01 9.20937538147e+00
-3.32527518272e+00 1.75409393311e+01 8.45744431019e-01
3.50639724731e+00 2.14290695190e+01 9.20937538147e+00
-3.59732484818e+00 2.73929576874e+01 8.45744431019e-01
6.13378334045e+00 -1.27766990662e+00 9.20937538147e+00
-1.61134839058e+00 2.85469055176e+01 8.45744431019e-01
1.34239149094e+00 8.00360488892e+00 9.20937538147e+00
8.00582027435e+00 2.30082378387e+01 8.45744431019e-01
-1.05068359375e+01 1.55056571960e+00 9.20937538147e+00
-1.49470019341e+00 3.37307586670e+01 8.45744431019e-01
-5.51275491714e-01 -1.08081035614e+01 9.20937538147e+00
-3.16958570480e+00 2.00574150085e+01 8.45744431019e-01
-1.18690443039e+00 1.59669837952e+01 9.20937538147e+00
8.20943260193e+00 2.45611915588e+01 8.45744431019e-01
9.02919769287e-02 -6.07399940491e+00 9.20937538147e+00
1.36041367054e+00 1.78683910370e+01 8.45744431019e-01
-4.55510807037e+00 1.32978248596e+01 9.20937538147e+00
7.62417459488e+00 2.07149372101e+01 8.45744431019e-01
-7.18154430389e+00 7.95217895508e+00 9.20937538147e+00
-3.72462654114e+00 2.49171619415e+01 8.45744431019e-01
1.15882825851e+00 1.31494579315e+01 9.20937538147e+00
4.10745191574e+00 3.28748931885e+01 8.45744431019e-01
-1.44525837898e+00 -1.31282062531e+01 9.20937538147e+00
2.87706851959e+00 2.80447139740e+01 8.45744431019e-01
-5.49939155579e+00 -6.48333168030e+00 9.20937538147e+00
-8.75269889832e-01 2.25962524414e+01 8.45744431019e-01
-3.07918334007e+00 -1.88580894470e+00 9.20937538147e+00
7.19598817825e+00 2.20226917267e+01 8.45744431019e-01
-5.59670782089e+00 1.71179141998e+01 9.20937538147e+00
-1.34935557842e+00 2.07130451202e+01 8.45744431019e-01
3.64295101166e+00 2.92403411865e+00 9.20937538147e+00
1.12734186649e+00 2.66606426239e+01 8.45744431019e-01
3.87623882294e+00 1.09459514618e+01 9.20937538147e+00
4.84060049057e+00 3.56606330872e+01 8.45744431019e-01
-5.64348459244e+00 -1.83036422729e+00 9.20937538147e+00
9.43082630634e-01 3.68601951599e+01 8.45744431019e-01
6.77364921570e+00 -1.32484474182e+01 9.20937538147e+00
2.52854990959e+00 2.78229694366e+01 8.45744431019e-01
-3.70332193375e+00 8.36190223694e+00 9.20937538147e+00
-1.74844551086e+00 3.63775482178e+01 8.45744431019e-01
-6.59829378128e-01 2.19776535034e+00 9.20937538147e+00
-2.20185971260e+00 2.20878562927e+01 8.45744431019e-01
-1.68070244789e+00 -1.30917358398e+00 9.20937538147e+00
3.28129482269e+00 2.17832603455e+01 8.45744431019e-01
-1.28100347519e+00 -3.96262168884e+00 9.20937538147e+00
7.71141242981e+00 1.75522575378e+01 8.45744431019e-01
4.80905532837e-01 1.28832340240e+01 9.20937538147e+00
-3.30504727364e+00 2.41224689484e+01 8.45744431019e-01
-1.07910227776e+00 8.91963005066e+00 9.20937538147e+00
3.56875085831e+00 2.88377323151e+01 8.45744431019e-01
-4.56235980988e+00 -4.40582275391e+00 9.20937538147e+00
-2.50459766388e+00 3.62915763855e+01 8.45744431019e-01
2.70248079300e+00 -2.52090454102e-01 9.20937538147e+00
4.24625539780e+00 3.75804634094e+01 8.45744431019e-01
4.40547466278e-01 -7.35239982605e+00 9.20937538147e+00
-4.67195892334e+00 3.20533561707e+01 8.45744431019e-01
1.06734848022e+01 -9.59104156494e+00 9.20937538147e+00
3.00781536102e+00 2.31129264832e+01 8.45744431019e-01
-6.58118343353e+00 1.09553184509e+01 9.20937538147e+00
5.57088613510e+00 1.97671241760e+01 8.45744431019e-01
-2.60049700737e+00 1.54289932251e+01 9.20937538147e+00
2.87201702595e-01 2.10818195343e+01 8.45744431019e-01
-2.24887466431e+00 1.30876178741e+01 9.20937538147e+00
5.90058231354e+00 3.58782043457e+01 8.45744431019e-01
-3.94305562973e+00 -2.40539550781e+00 9.20937538147e+00
